4.664
6.696
1.934
3.405
7.840
6.419
2.492
12.392
10.177
3.326
6.156
9.839
1.923
5.657
4.954
4.710
5.554
3.482
6.520
2.929
7.556
2.274
2.386
2.382
10.330
8.653
3.850
2.692
10.916
6.669
5.748
3.449
10.403
2.278
5.480
1.171
4.928
10.204
5.476
3.542
16.840
6.160
14.100
1.977
7.870
3.707
5.089
11.141
9.158
5.064
3.350
2.851
3.322
4.755
4.961
17.611
8.863
5.296
9.283
1.540
3.651
1.946
13.027
7.866
1.748
7.013
9.346
15.871
2.729
4.472
4.302
9.671
12.016
6.101
5.795
5.506
7.616
1.738
11.901
2.262
1.718
2.633
11.743
1.651
0.660
6.251
2.942
3.245
8.243
4.879
3.725
8.359
6.882
3.362
2.325
4.552
2.511
4.473